url_path,views_total,views_unique
/jonescompneurolab/hnn,31,21
/jonescompneurolab/hnn/tree/master/installer/mac,11,3
/jonescompneurolab/hnn/issues,8,6
/jonescompneurolab/hnn/tree/master/hnn,6,2
/jonescompneurolab/hnn/tree/master/installer,6,2
/jonescompneurolab/hnn/tree/master/assets,6,1
/jonescompneurolab/hnn/blob/master/hnn/qt_main.py,4,1
/jonescompneurolab/hnn/tree/master/hnn/tests,3,2
/jonescompneurolab/hnn/tree/master/assets/css,3,1
/jonescompneurolab/hnn/tree/master/data,3,1
