referrer,views_total,views_unique
Google,33,12
hnn.brown.edu,31,1
github.com,28,5
jonescompneurolab.github.io,17,5
brown.edu,6,3
blakecaldwell.github.io,6,1
