url_path,views_total,views_unique
/jonescompneurolab/hnn/pull/337,35,3
/jonescompneurolab/hnn,24,16
/jonescompneurolab/hnn/tree/master/installer/windows,12,2
/jonescompneurolab/hnn/blob/master/param/ERPYes100Trials.param,12,1
/jonescompneurolab/hnn/blob/e9dd3a92e46880af2708ab14dc35e9330f6737ec/param/default.param,10,2
/jonescompneurolab/hnn/tree/master/param,6,3
/jonescompneurolab/hnn/tree/master/installer,6,2
/jonescompneurolab/hnn/blob/master/param/default.param,4,1
/jonescompneurolab/hnn/issues,3,3
/jonescompneurolab/hnn/issues/255,2,2
