url_path,views_total,views_unique
/jonescompneurolab/hnn,43,22
/jonescompneurolab/hnn/tree/master/param,12,3
/jonescompneurolab/hnn/tree/master,9,3
/jonescompneurolab/hnn/tree/master/hnn,8,4
/jonescompneurolab/hnn/tree/master/installer,8,3
/jonescompneurolab/hnn/blob/master/hnn/specfn.py,7,2
/jonescompneurolab/hnn/pull/337,5,3
/jonescompneurolab/hnn/issues,4,4
/jonescompneurolab/hnn/pulls,4,3
/jonescompneurolab/hnn/blob/master/hnn/qt_spec.py,4,2
