url_path,views_total,views_unique
/jonescompneurolab/hnn,15,14
/jonescompneurolab/hnn/tree/master/param,4,1
/jonescompneurolab/hnn/actions,2,2
/jonescompneurolab/hnn/blob/master/param/gamma_L5weak_L2weak.param,2,2
/jonescompneurolab/hnn/commit/04399a4d5a3b40cb7d15e5bc2920da940a52f466,2,2
/jonescompneurolab/hnn/issues/147,2,2
/jonescompneurolab/hnn/pull/311/files,2,2
/jonescompneurolab/hnn/blob/master/CODE_OF_CONDUCT.md,1,1
/jonescompneurolab/hnn/blob/master/README.md,1,1
/jonescompneurolab/hnn/blob/master/param/SRJ_2007_Fig6_ThreshP.param,1,1
